Sref = 115.500000 
Cref = 5.250000 
Bref = 22.000000 
X_cg = 1.986000 
Y_cg = 0.000000 
Z_cg = 0.123000 
Mach = 0.000000 
AoA = -5.000000, -4.310345, -3.620690, -2.931034, -2.241379, -1.551724, -0.862069, -0.172414, 0.517241, 1.206897, 1.896552, 2.586207, 3.275862, 3.965517, 4.655172, 5.344828, 6.034483, 6.724138, 7.413793, 8.103448, 8.793103, 9.482759, 10.172414, 10.862069, 11.551724, 12.241379, 12.931034, 13.620690, 14.310345, 15.000000 
Beta = 0.000000 
Vinf = 100.000000 
Rho = 0.002377 
ReCref = 10000000.000000 
ClMax = -1.000000 
MaxTurningAngle = -1.000000 
Symmetry = Y 
FarDist = -1.000000 
NumWakeNodes = -1 
WakeIters = 1 
NumberOfRotors = 0 
NumberOfControlGroups = 0 
Preconditioner = Matrix 
Vortex Lift = N 
LE Suction = N 
Karman-Tsien Correction = N 
